[Wind Strength]
Candle = 3.000000
Fire = 4.000000
Smoke = 5.000000
Sparks = 5.000000
Steam = 5.000000
Misc = 3.000000
